Algorithm:  BFS

Difficulty: 1
0.0135781, 3, 1, S
0.00254588, 3, 1, S
0.00226301, 3, 1, S
0.00141438, 2, 1, S
0.0011315, 2, 1, S

Difficulty: 2
0.0189527, 11, 2, S
0.00876916, 11, 2, S
0.0169726, 11, 2, S
0.0164068, 11, 2, S
0.0161239, 11, 2, S

Difficulty: 3
0.0237616, 18, 3, S
0.0217815, 17, 3, S
0.025176, 26, 3, S
0.0164068, 17, 3, S
0.0172554, 17, 3, S

Difficulty: 4
0.0373396, 33, 4, S
0.0528978, 41, 4, S
0.0492204, 42, 4, S
0.0492204, 42, 4, S
0.0611012, 42, 4, S

Difficulty: 5
0.110605, 76, 5, S
0.112868, 76, 5, S
0.0908032, 60, 5, S
0.160956, 99, 5, S
0.164917, 99, 5, S

Difficulty: 6
0.905486, 267, 6, S
0.30494, 144, 6, S
0.38358, 170, 6, S
1.06814, 283, 6, S
0.409605, 181, 6, S

Difficulty: 7
2.89071, 489, 7, S
2.47715, 459, 7, S
3.21941, 520, 7, S
2.72636, 474, 7, S
2.67686, 474, 7, S

Difficulty: 8
16.105, 1224, 8, S
2.24745, 445, 8, S
19.7032, 1370, 8, S
17.2984, 1276, 8, S
5.62046, 705, 8, S

Difficulty: 9
38.1382, 1908, 9, S
53.9162, 2263, 9, S
1.06135, 290, 7, S
83.1661, 2877, 9, S
31.2739, 1703, 9, S

Difficulty: 10
232.505, 4793, 10, S
99.8219, 3114, 10, S
192.456, 4365, 10, S
106.503, 3204, 10, S
17.3601, 1276, 8, S

Difficulty: 11
420.141, 6492, 11, S
556.141, 7493, 11, S
1014.64, 10031, 11, S
615.849, 7843, 11, S
998.386, 9893, 11, S

Difficulty: 12
2773.81, 16543, 12, S
2068.16, 14193, 12, S
5242.21, 22512, 12, S
3455.27, 18528, 12, S
1579.7, 12295, 12, S

Difficulty: 13
9975.65, 31372, 13, S
7470.17, 27048, 13, S
12433.3, 35074, 13, S
10220.7, 31627, 13, S
11145.1, 32929, 13, S

Difficulty: 14
33954.8, 57919, 14, S
31095.1, 55369, 14, S
1438.92, 11906, 12, S
50211.9, 68940, 14, S
24860.3, 49431, 14, S

Difficulty: 15
69090.1, 79535, 15, S
118849, 100000, 0, F
118793, 100000, 0, F
111306, 96907, 15, S
10626.2, 32363, 13, S

Difficulty: 16
118584, 100000, 0, F
118453, 100000, 0, F
118397, 100000, 0, F
118332, 100000, 0, F
38472.7, 60696, 14, S

Difficulty: 17
118657, 100000, 0, F
117918, 100000, 0, F
117831, 100000, 0, F
118879, 100000, 0, F
119157, 100000, 0, F

Difficulty: 18
21452.3, 45919, 14, S
119240, 100000, 0, F
118616, 100000, 0, F
118393, 100000, 0, F
119743, 100000, 0, F

Difficulty: 19
0.622044, 224, 7, S
118102, 100000, 0, F
118114, 100000, 0, F
118929, 100000, 0, F
119065, 100000, 0, F

Difficulty: 20
119261, 100000, 0, F
118357, 100000, 0, F
119203, 100000, 0, F
119829, 100000, 0, F
118675, 100000, 0, F

=========================
Algorithm:   A*

Difficulty: 1
0.00367739, 2, 1, S
0.00198013, 2, 1, S
0.00339451, 2, 1, S
0.00339451, 2, 1, S
0.00198013, 2, 1, S

Difficulty: 2
0.00678903, 3, 2, S
0.00367739, 3, 2, S
0.0070719, 3, 2, S
0.00396026, 3, 2, S
0.00367739, 3, 2, S

Difficulty: 3
0.011315, 4, 3, S
0.0110322, 5, 3, S
0.00565752, 4, 3, S
0.00792053, 5, 3, S
0.0132952, 5, 3, S

Difficulty: 4
0.00678903, 5, 4, S
0.0070719, 5, 4, S
0.00933491, 7, 4, S
0.0104664, 7, 4, S
0.00905203, 7, 4, S

Difficulty: 5
0.0107493, 9, 5, S
0.0115979, 9, 5, S
0.00876916, 6, 5, S
0.0118808, 10, 5, S
0.0124465, 10, 5, S

Difficulty: 6
0.0127294, 11, 6, S
0.0124465, 10, 6, S
0.011315, 8, 6, S
0.0107493, 8, 6, S
0.0101835, 7, 6, S

Difficulty: 7
0.0121637, 10, 7, S
0.0209328, 9, 7, S
0.0149924, 12, 7, S
0.0181041, 13, 7, S
0.0161239, 13, 7, S

Difficulty: 8
0.0379054, 35, 8, S
0.0115979, 9, 8, S
0.0540293, 44, 8, S
0.031965, 28, 8, S
0.0308335, 28, 8, S

Difficulty: 9
0.0291362, 28, 9, S
0.192639, 154, 9, S
0.0611012, 60, 7, S
0.0444115, 34, 9, S
0.125031, 116, 9, S

Difficulty: 10
0.243556, 190, 10, S
0.319367, 229, 10, S
0.17114, 147, 10, S
0.038754, 31, 10, S
0.0311164, 28, 8, S

Difficulty: 11
0.111736, 102, 11, S
0.9796, 533, 11, S
0.0659101, 60, 11, S
0.0523321, 48, 11, S
0.117394, 106, 11, S

Difficulty: 12
0.15049, 131, 12, S
0.117111, 102, 12, S
0.0347938, 26, 12, S
0.110039, 105, 8, S
2.02256, 808, 12, S

Difficulty: 13
0.0427143, 23, 9, S
0.0780738, 68, 13, S
0.0902375, 83, 13, S
0.0265904, 19, 11, S
0.0347938, 21, 13, S

Difficulty: 14
0.383863, 272, 14, S
0.224604, 182, 12, S
147.591, 8361, 14, S
0.0854286, 79, 14, S
0.196882, 163, 14, S

Difficulty: 15
33.2442, 3794, 15, S
0.103533, 91, 15, S
0.0659101, 61, 15, S
0.786961, 443, 13, S
4.89036, 1279, 15, S

Difficulty: 16
0.592908, 345, 16, S
21425.7, 100000, 0, F
0.149359, 132, 16, S
0.249214, 194, 16, S
0.116828, 104, 12, S

Difficulty: 17
4.40268, 1257, 17, S
45.7017, 4361, 13, S
0.330399, 243, 17, S
1.79315, 782, 11, S
4393.93, 45444, 17, S

Difficulty: 18
0.121354, 110, 10, S
4721, 44360, 18, S
2.3275, 874, 14, S
5105.9, 51259, 18, S
0.0854286, 76, 18, S

Difficulty: 19
0.0161239, 14, 7, S
3.81543, 1194, 19, S
8.83224, 1776, 19, S
0.641563, 370, 19, S
3.05393, 949, 19, S

Difficulty: 20
2.95973, 940, 16, S
0.138044, 117, 18, S
82.7036, 5922, 20, S
20526.4, 100000, 0, F
199.454, 9212, 20, S

=========================
Algorithm:  DFS

Difficulty: 1
0.0970265, 109, 1, S
0.0800539, 109, 1, S
0.00282876, 2, 1, S
0.00226301, 2, 1, S
0.00141438, 2, 1, S

Difficulty: 2
42.4413, 3855, 1200, S
44.7196, 3855, 1200, S
45.5645, 3855, 1200, S
46.2005, 3855, 1200, S
46.6415, 3855, 1200, S

Difficulty: 3
27548.6, 100000, 0, F
27601.9, 100000, 0, F
20576.1, 86383, 1249, S
27446.8, 100000, 0, F
27567.8, 100000, 0, F

Difficulty: 4
27535.7, 100000, 0, F
27612.5, 100000, 0, F
41.3013, 3741, 1200, S
45.0025, 3741, 1200, S
42.9694, 3741, 1200, S

Difficulty: 5
27655.4, 100000, 0, F
27702.4, 100000, 0, F
27718.2, 100000, 0, F
0.0806197, 102, 51, S
0.0710019, 102, 51, S

Difficulty: 6
20624.4, 86380, 1254, S
27641.3, 100000, 0, F
27608.8, 100000, 0, F
27495.2, 100000, 0, F
20582, 86373, 1894, S

Difficulty: 7
10406.1, 61419, 2753, S
27783.1, 100000, 0, F
27856.7, 100000, 0, F
0.244122, 230, 7, S
0.232807, 230, 7, S

Difficulty: 8
20882.7, 86512, 660, S
27574, 100000, 0, F
27888.8, 100000, 0, F
27806, 100000, 0, F
0.214137, 216, 50, S

Difficulty: 9
40.7811, 3732, 1193, S
13287.7, 69020, 4007, S
27884.1, 100000, 0, F
28027.4, 100000, 0, F
27975.3, 100000, 0, F

Difficulty: 10
27997.8, 100000, 0, F
28090, 100000, 0, F
19122.8, 82638, 702, S
27761.5, 100000, 0, F
28107, 100000, 0, F

Difficulty: 11
27892.4, 100000, 0, F
27976, 100000, 0, F
27992.8, 100000, 0, F
28037.5, 100000, 0, F
27965.1, 100000, 0, F

Difficulty: 12
28228.2, 100000, 0, F
28071.2, 100000, 0, F
28031.4, 100000, 0, F
28074.3, 100000, 0, F
28162.5, 100000, 0, F

Difficulty: 13
28010.1, 100000, 0, F
28036.8, 100000, 0, F
27908.7, 100000, 0, F
28079.6, 100000, 0, F
28084.4, 100000, 0, F

Difficulty: 14
28243.5, 100000, 0, F
28286, 100000, 0, F
28188.2, 100000, 0, F
28041.6, 100000, 0, F
28139.4, 100000, 0, F

Difficulty: 15
28004.6, 100000, 0, F
28093.5, 100000, 0, F
28116.5, 100000, 0, F
28127.2, 100000, 0, F
28123.5, 100000, 0, F

Difficulty: 16
28133.2, 100000, 0, F
27997.7, 100000, 0, F
27916.7, 100000, 0, F
27939, 100000, 0, F
28067.9, 100000, 0, F

Difficulty: 17
28025.6, 100000, 0, F
28049.3, 100000, 0, F
27996.4, 100000, 0, F
27952.3, 100000, 0, F
27927.7, 100000, 0, F

Difficulty: 18
28045.2, 100000, 0, F
28040.9, 100000, 0, F
28042.7, 100000, 0, F
28079.6, 100000, 0, F
28048.1, 100000, 0, F

Difficulty: 19
27963.7, 100000, 0, F
27886.3, 100000, 0, F
27946, 100000, 0, F
27813.5, 100000, 0, F
27984.7, 100000, 0, F

Difficulty: 20
28033.3, 100000, 0, F
28055.3, 100000, 0, F
28079.4, 100000, 0, F
28038.1, 100000, 0, F
28175.8, 100000, 0, F

=========================
